$coord
    4.22137002948248      3.05793587377576     -0.38575599841062  n
    1.50846772947125      2.87853438303012     -0.01495023112943  c
    0.66681422938154      4.79330516482731     -0.10288741511206  h
    1.02064436618909      2.04168410877905      1.85933614645838  h
    0.58862119443448      1.70242001550858     -1.50407567582364  h
    5.39369880089851      5.51936179134498     -0.70081948132655  c
    3.90797053374215      6.99423674999538     -0.73988578385886  h
    6.47060543918220      5.64577099128029     -2.50821582066107  h
    6.72043546472471      5.97730028489631      0.87460521872718  h
    5.68644690539009      0.90069669020995     -0.36504724228748  c
    4.59691355776395     -1.54542520659101     -0.04582377712352  c
    8.36984984803815      1.01495642120060     -0.66118977449030  c
    6.10133639357001     -3.70484635729488     -0.04291019619382  c
    8.76735047048457     -3.60935980715300     -0.34917125516255  c
    9.83969810584207     -1.16439121706748     -0.65429686035496  c
    9.32067067298318      2.84641277441730     -0.89745950770305  h
   11.89864733608066     -0.95950744240374     -0.88809025710223  h
    2.54619840538314     -1.76364789590267      0.20078848182188  h
    5.18657998562542     -5.56245306714702      0.20457294218744  h
   10.21252782245731     -5.93557278355311     -0.33353654160474  c
   12.78312209853499     -6.22033164516640     -0.63370809965214  c
   14.13273461824432     -8.58421782414916     -0.60172140266857  c
   16.74608151941125     -8.54272793945007     -0.96472889093045  c
   18.43291733717265    -10.63137642153551     -1.00323924509650  c
   21.01910820253177    -10.44180028121619     -1.43102252713456  c
    9.06779958344594     -7.65919083513369     -0.04990361472149  h
   13.95506529766748     -4.51718299937211     -0.93082790136684  h
   17.61290682175870     -6.66433065405992     -1.26904329155228  h
   17.66241873931834    -12.54703004139971     -0.68374317585722  h
   12.67497785364440    -11.00243058471283     -0.19068314580800  c
   11.63634563433414    -10.95366327256004      1.63725719277360  h
   13.89866917179506    -12.70006852900758     -0.17736670699939  h
   11.23430372575939    -11.27442185519336     -1.69909236594708  h
   22.64718199908749    -12.57414693363529     -1.48095869817026  c
   21.81609151847849     -8.54098407490621     -1.76274509393740  h
   25.25121475166980    -12.64367148499814     -1.94048915269534  c
   26.78823817910270    -10.30097060431163     -2.46102461441903  c
   27.70209888186783    -10.38745665583843     -4.35080052510980  h
   28.34487796176987    -10.08166228060712     -1.06768597430936  h
   25.62221283662767     -8.56331008500686     -2.39483448552906  h
   21.72222290303641    -14.41588311786732     -1.12458045238571  h
   26.39169345877968    -15.09538806649795     -1.90867059674509  c
   28.89097072031739    -15.83142511124036     -2.33236392035379  c
   30.95471880326440    -14.18432162125953     -2.92156377668471  c
   25.10420376903183    -16.68310645728074     -1.49450857066818  h
   29.51488962201639    -18.46473968640851     -2.19831477992117  c
   30.00398431048960    -20.63023267377748     -2.08798131974629  n
   32.70826588023289    -12.90958747401263     -3.41442429536748  n
$user-defined bonds
$end
